0.7385010885619678 0.6237604329703641 0.25580799897858786
0.7367067567979402 0.6216692526667904 0.26589051032105154
0.7625568131468348 0.5966521109146453 0.24977649907431100
0.7719835587756964 0.5982917326658134 0.21443428435189182
0.7366670540632133 0.6511534129833256 0.18229588249247883
0.7520149411271555 0.6344076010715930 0.17863250002878264
0.7509223749863752 0.6380314577884420 0.17016246823056544
0.7583035486661539 0.6337120673247358 0.15267716923719926
0.5774893505251120 0.6394329486680016 0.50740191713374160
0.6124236108143437 0.6235763808193878 0.48572417412775390
0.6051793189996567 0.5985956770013077 0.52466985150443190
0.5958396279784062 0.6559351455971587 0.46319479428619975
-0.558247419720561 0.6245406459243820 0.54601973633058250
-0.588296268471993 0.6011488928921942 -0.5406963040650157
-0.594208930511654 0.5977043316987009 -0.5380507965487997
-0.811107404849891 0.5755570104282312 -0.1033087605786432
